image: default.pgm
resolution: 0.025000
origin: [-5.903694, -3.929777, 0.000000]
negate: 0
occupied_thresh: 0.65
free_thresh: 0.196

