image: default.pgm
resolution: 0.025000
origin: [-3.089713, -5.770209, 0.000000]
negate: 0
occupied_thresh: 0.65
free_thresh: 0.196

